2008463741
2008443802
2008417141
2005198759
1974600070
1974581433
1971093120
1966702512
1966696507
1965220447
1964461794
1964301402
1964267438
1964190480
1963150754
1948811638
1948775043
1948758240
1948750303
1947310692
1947263381
1947226991
1947222285
1946733279
1945795798
1945799571
1945635499
1945571480
1945535983
1945530714
1945145523
1945126961
1945110092
1945084564
1945065865
1945047544
1944866525
1944391185
1944270483
1943672106
1943657751
1942834183
1942420656
1942385984
1942247165
1942215180
1941576915
1940805672
1940766666
2008463741
2008443802
2008417141
2005198759
1974600070
1974581433
1971093120
1966702512
1966696507
1965220447
1964461794
1964301402
1964267438
1964190480
1963150754
1948811638
1948775043
1948758240
1948750303
1947310692
1947263381
1947226991
1947222285
1946733279
1945795798
1945799571
1945635499
1945571480
1945535983
1945530714
1945145523
1945126961
1945110092
1945084564
1945065865
1945047544
1944866525
1944391185
1944270483
1943672106
1943657751
1942834183
1942420656
1942385984
1942247165
1942215180
1941576915
1940805672
1940766666
2975750214
2977406405
3544299009
2981199669
2978755515
2951615996
198264550
3241836698
3643949692
1581124821
2859760116
2978787278
3407726730
1553595716
2973325915
2975380778
807805235
807812464
807758885
807746599
793979988
793826055
793822976
793808063
793815828
792023373
792021267
791989978
791985447
790408862
790400763
790400109
790397418
787316286
787312243
787276945
787284009
784788509
784782027
782939371
782933103
775444056
775453643
775443487
775453049
775462604
775441447
775460134
775418833
775425680
775431716
775387552
775402404
756946568
756879770
756884427
756769153
756763862
756725211
756700829
756637704
756651694
756318003
755528449
755503312
755498994
755474281
754901333
754866881
754863330
754107162
753710400
753645079
753619702
753224262
752904421
752830074
752633045
752428106
752417668
752413219
752032196
751649791
751637482
751262946
751229729
751225753
751199187
750854193
750829663
750844097
750840575
750806474
750448371
750442795
750420131
750311131
750186379
750176409
750038185
749863631
749271196
749256951
749238227
749218607
748848814
748863190
748840235
748735575
748683998
748628458
748634831
748590863
748465447
748367586
748362632
2706526156
2706487561
2705867351
2705695389
2705448765
2699439251
2697031132
2695842202
2694961207
1530380071
1499867302
2306702958
2304684009
2788504454
2939874800
1543200155
201931591
201931022
201919634
200995301
200976389
200975677
200984131
200973885
157366090
156177660
156176468
156174856
156120046
156108121
156035975
155717410
155658968
155648382
155656501
155645902
155485763
155503670
155502106
155275447
155264089
155281791
155270936
155249316
155257368
155247652
155256455
155198566
155196639
155185076
155173934
155153445
155071632
155049792
155039032
155037943
154963643
154981945
154960592
154838274
154827632
154827004
154816656
154808383
154797801
154786247
154805611
154093343
154102000
154064026
154044326
153977727
153957809
153899819
153908205
153906637
153905575
153350416
153349708
153338695
153328043
152908715
152907724
152906348
152904482
152893515
152244984
152234120
151503911
151502566
151078271
151086325
151095225
150912304
150910832
150889685
150868602
150877132
150445054
150453890
150442890
150450995
150419995
149696163
149695546
149704192
149703225
149643198
149423089
149412263
149430682
149084580
149072925
148784378
148676357
148675273
1503012185
1098941727
2925851403
1578752947
2975673359
3421204831
3421166748
3421141478
3420656818
3419850552
3419161392
3418950791
3418656941
