1572290479
1572271560
1572166431
1572020272
1572002006
1571986276
1570239261
1570235160
1567562403
1562843728
1558334623
1557979789
1557300292
1557226739
1556391304
1556377634
1552478427
1510975202
1510948565
1510906941
1510868953
1508018813
1507996858
1507981852
1507617864
1507616339
1505569390
1504014014
1501132568
1501071157
1500947270
1500922300
1500886911
1499801699
1499786416
1499518890
1499493226
1499474645
1499443095
1499409442
1496792221
1496772027
1496730778
1496686331
1496658532
1496088444
1496023282
1495962759
1495912806
1494752944
1484740334
1482892780
1482878604
1482846628
1482833919
1482816506
1482781743
1481701199
1481652539
1481480770
1481470151
1481388833
1481373056
1481346349
1478548745
1478544195
1478528757
1478521871
1478278479
1478243634
1478077815
1477760227
1477750044
1477716641
1477692509
1477645433
1477559304
1477536824
1477516494
1477172149
1477146052
1477135099
1494723387
1493004261
1492988700
1487342384
1487296837
1487301024
1487206447
1487212316
1487199463
1487196649
1486275571
1484824097
1484801683
1484792867
1484774994
1484759164
1484755352
1484752396
